2578
-
-1024
-1017
-1016
-1014
-1011
-1010
-1009
-995
-988
-981
-965
-957
-954
-941
-906
-905
-872
-586
-864
-386
-958
-932
-860
-857
-846
-816
-815
-810
-768
-688
682
-495
-422
-417
635
805
596
-365
-307
49
-1003
-993
-980
-967
-937
-935
-918
-816
-850
-865
-812
-801
-799
242
-926
-888
-523
351
-784
-465
-226
416
-437
-513
-178
628
-965
-950
-899
-898
788
154
919
-909
-898
-883
-878
-870
-839
-821
-7
-915
-898
-879
-694
-918
-885
-860
-855
-847
-801
-794
-765
-601
927
-780
-734
-732
-722
-718
-689
-685
-663
-583
-406
712
730
597
-600
-598
-591
824
-234
768
903
163
-706
-528
-457
-381
-160
805
-665
435
835
-801
-799
-760
-688
-478
-421
64
854
95
-985
-940
-792
-701
-682
701
-758
-709
-678
-632
-240
147
467
-939
-895
-816
-802
-653
-640
-632
-330
-297
-204
-127
843
-42
-157
-631
-222
-106
-96
-802
-800
-792
-762
-755
-672
-594
-523
-493
-335
-167
883
-197
20
402
-654
-782
-733
-248
-94
-65
-40
50
223
250
-588
-497
-323
-208
-123
-93
37
44
889
642
403
219
232
104
-151
-164
955
-196
256
-313
364
-368
-361
-255
-150
-104
330
-109
-900
-216
66
168
228
752
223
599
171
880
-478
-418
-303
-297
-1012
618
364
742
-24
-201
-613
-43
63
-431
878
-667
42
160
907
253
-812
-794
-698
-336
248
853
209
865
-196
982
237
-66
-987
-969
-926
-687
-328
283
340
-689
-668
459
317
400
152
471
-332
-406
-640
770
-735
-241
509
527
734
564
35
285
-927
-216
38
3
-119
-999
-935
-436
417
-53
395
-394
-331
187
-340
-240
391
-681
-320
34
595
-98
159
21
798
-983
-942
-891
-742
-637
787
-944
-913
-353
-238
-181
702
167
470
927
-696
668
-377
-644
-689
592
-378
-699
-786
-595
-321
-122
220
495
931
-130
337
929
-77
-959
-805
657
-769
188
-344
466
-807
-692
-307
621
-257
107
-837
-836
-593
-959
-710
-640
-547
-516
-476
113
143
578
-272
-313
523
-51
-948
-6
183
-761
-760
-206
70
192
-708
-463
106
301
475
686
834
949
-152
570
-170
593
-903
-892
191
-942
-740
-716
-680
-394
961
-226
469
565
48
-40
-591
-378
614
803
414
-171
198
694
-879
-15
-1015
-991
-519
-518
-228
236
999
-910
-1017
-819
-311
-116
21
103
196
790
-347
-171
794
-36
311
-948
-918
-796
485
-875
-856
-180
56
58
259
284
54
937
44
661
-606
-1022
-594
128
204
359
887
36
-919
-371
185
-919
-665
895
-152
870
278
-892
-198
-285
-98
616
-658
223
1011
-654
-797
-598
674
-186
-721
-917
-672
-628
-260
16
-430
-22
780
-771
241
330
525
-833
691
766
470
-740
-906
-740
112
614
649
1001
-885
-546
27
266
87
788
455
-229
-99
-587
114
230
296
681
-904
-830
-615
378
604
-141
904
-818
568
-575
676
-640
-516
813
900
938
1021
-531
-14
495
944
-424
449
-748
-601
296
423
502
-953
-918
-914
801
-709
678
-794
-974
-967
-480
-777
-564
530
556
874
-928
-911
-909
-548
953
-73
-49
-457
-942
-803
-795
315
-822
-787
-742
-710
650
842
718
871
-458
446
-718
-831
-673
-471
-36
-80
-348
-655
-735
-671
822
-353
911
-571
-528
554
-75
514
821
-964
-917
-883
-854
-808
-543
-489
-455
-305
585
-221
-501
-142
-424
-441
-978
-794
-762
-388
-337
-259
38
544
-977
-963
-875
-849
-427
724
416
-470
-435
-424
-335
56
-569
-409
-256
883
-442
-211
-207
79
91
141
463
-158
41
1018
-454
-279
35
75
201
-725
-742
-610
-485
791
-993
-699
-517
-183
670
388
23
-324
-137
-187
39
163
-173
-123
262
458
-474
991
-542
1015
-735
-693
-456
-96
380
481
940
-390
-255
498
-1000
-947
-225
-213
203
-592
-513
-425
-356
89
138
509
-90
220
986
-578
257
864
14
-285
-571
999
-992
-516
-406
-301
-61
-794
-513
-363
231
150
883
455
182
-975
-709
-446
-435
-159
-127
782
-962
-494
104
968
-238
-404
453
-343
-33
849
-250
-980
-728
841
-596
-525
683
-942
-878
-483
-186
-117
512
101
110
830
-492
-417
150
376
955
-230
-17
472
815
117
220
231
450
784
-78
389
411
-563
764
-299
496
-33
-176
-384
-499
-81
-1021
23
117
946
70
-640
362
-949
503
1007
697
-671
141
-857
-525
899
-1014
-186
-18
-1017
-853
-181
-1023
341
-328
-516
-545
-414
-377
993
-946
263
933
119
-868
-274
-73
175
292
775
-971
-883
-573
58
-758
-405
-234
-68
134
169
184
358
783
971
561
637
57
388
110
-35
-1023
339
521
605
-427
974
363
-873
-912
-261
169
658
-897
-765
-401
-612
-610
-578
-54
-614
-398
594
702
-889
-665
-640
-738
-225
89
595
598
1
179
828
915
-124
682
-890
-604
-574
-24
36
-896
-62
948
-628
-567
-154
66
366
-565
-467
576
-146
266
710
-562
-520
-375
384
-957
619
950
356
359
616
-448
541
-376
-52
-42
1
3
643
22
982
-192
-646
348
-944
-344
-7
274
649
565
961
223
689
676
308
-208
-928
-694
-925
-623
-567
-15
201
353
749
-936
-580
-393
-304
-145
598
121
1007
263
905
659
-453
-327
756
-123
447
508
546
991
198
726
769
845
975
550
570
987
197
828
-706
639
-704
866
-298
568
563
432
1003
-42
-69
346
1005
-728
-481
-295
-924
-450
168
633
933
901
379
-952
640
-122
-340
49
-1017
193
-951
-655
-643
-632
-509
-220
638
-602
-565
-224
79
144
-613
-192
370
551
34
572
716
914
-764
-705
723
148
1014
62
-431
-359
-290
-256
-712
-88
43
290
997
494
-961
-727
-574
312
-561
-272
-3
564
428
187
444
457
782
837
577
273
-910
-300
654
668
83
595
-629
-139
-990
-933
-857
131
436
-401
-61
-963
-805
-791
-531
-273
-749
-721
233
-635
-510
61
-31
-460
-297
464
-426
-817
-280
-250
860
-704
-565
-293
15
123
406
-195
158
258
-164
860
-917
-814
-302
664
560
984
527
1019
462
-350
-503
-99
-83
761
138
82
-247
768
-470
-178
1016
-610
109
264
-553
-505
494
144
-498
-495
665
-384
-255
-248
1011
195
291
704
-852
715
657
-779
-743
-319
44
588
-745
576
-949
-253
-179
800
-684
972
997
370
675
-406
602
-928
-399
-205
-28
863
-906
-911
552
933
-661
-553
710
-217
-29
-881
-820
769
-283
626
-844
-187
391
-393
-484
564
-798
-779
-53
-778
-705
916
-807
-661
-631
778
-211
114
160
892
114
120
167
333
126
456
503
720
-217
849
12
121
932
-930
-610
696
613
1000
-36
-135
164
-107
971
146
423
-882
957
-974
-906
446
-772
-186
12
-703
-322
-306
866
-978
813
-865
-593
583
-216
-159
704
-683
-630
787
-2
364
835
793
-552
320
42
68
-897
-667
-503
-478
-374
59
21
135
540
-546
-45
296
388
421
903
-593
452
844
554
-829
-543
-814
-656
-410
331
-709
448
-59
857
-630
-606
782
-180
120
846
689
-350
692
-154
-342
1021
428
-817
-633
359
222
-898
398
-684
-520
160
-255
698
-561
-506
-840
437
556
-869
-394
62
278
61
960
-843
-969
-806
-106
608
684
-412
-324
-276
-257
-584
80
631
962
-567
-385
220
-270
259
649
-859
-496
-265
849
-648
727
-138
-554
-497
-658
-738
-632
-109
-77
845
-791
-819
-564
453
-439
-353
-119
710
902
657
619
-158
-893
-904
340
871
-352
-354
-223
410
897
62
-773
147
-406
267
-778
-48
286
964
63
-122
19
-399
141
161
274
723
280
826
855
-37
-333
-979
-15
285
646
652
-578
685
748
810
-503
152
1022
-404
-429
863
698
795
-562
-494
233
767
977
504
856
-838
-246
-331
628
410
784
-608
-960
-330
-221
95
-259
185
818
-690
-698
-606
-374
-166
179
461
583
946
-749
-9
-497
-385
268
63
-96
331
628
823
367
744
1016
-263
-382
-129
643
936
-497
771
45
882
-750
-259
688
-23
-7
202
402
426
456
-722
862
-810
710
916
458
-991
775
439
-927
-608
792
906
-571
63
-931
-507
-505
-204
110
453
463
587
946
542
-476
541
595
840
-897
-183
365
957
-104
-542
733
-886
-828
-833
-195
783
-103
-577
941
-961
392
351
516
973
-775
712
-292
162
312
885
265
644
320
-382
909
463
781
410
657
1003
-47
-977
570
-145
-193
983
-557
12
778
668
942
-616
-981
724
-347
268
-495
958
556
1023
-669
-914
-446
-386
-438
-349
-343
-37
494
518
23
-480
-653
96
-164
47
567
744
658
734
654
883
-961
840
610
-939
948
337
291
831
490
272
150
784
10
848
729
664
316
-296
756
730
-930
-664
-593
-565
-535
-314
196
605
-308
-268
-29
700
-8
120
720
-900
946
-741
114
-937
-149
562
143
531
781
699
-816
329
897
-842
47
-959
-920
391
392
954
5
-1007
582
579
80
-5
-248
-680
-503
-688
-630
-552
384
-565
4
336
403
753
-541
-51
410
660
191
956
124
481
518
653
978
446
-205
200
-683
-511
-488
1008
-329
504
604
1015
-534
-255
839
840
-1006
585
693
-424
-358
715
528
-700
-112
657
-77
-283
-348
-218
-104
-907
-909
130
302
308
983
317
-732
862
351
-1021
706
-909
-482
-357
-242
-814
-97
-16
816
499
127
419
-254
607
560
787
-416
903
612
216
472
740
922
664
383
892
-841
929
177
750
210
-328
97
361
797
-901
-385
753
-338
387
812
454
539
-255
-328
901
424
559
547
662
-790
-287
-308
-413
-1001
-983
-928
-359
-318
378
-885
-504
-453
343
-755
398
511
-902
622
553
247
649
188
822
-484
-749
-724
-280
768
437
690
910
-768
872
544
123
470
708
47
557
897
-740
-539
-13
199
244
817
-90
377
825
830
-646
757
-1015
862
-508
-781
567
-1
416
230
-698
-566
-473
570
193
376
571
-223
385
223
198
790
-1002
-798
722
591
582
-26
514
434
972
-221
659
518
996
-130
544
481
-769
-798
479
557
-728
-709
-55
170
-876
-154
-284
727
-664
-874
-716
343
-328
-200
515
964
392
723
-205
-131
-57
-150
259
590
325
-875
740
1017
111
883
-84
-286
-819
82
883
901
-953
-176
721
-998
217
-1001
477
594
304
588
-609
-757
-795
-998
-535
927
-72
-276
814
512
-905
-1010
538
336
-987
-493
-285
632
835
-798
465
425
998
-655
-311
332
14
-274
-1010
-642
-349
-995
-523
837
-950
-397
910
-912
-68
31
301
-998
954
696
262
995
127
1013
-6
141
816
-465
877
-922
690
-848
-731
519
-930
26
-849
-573
845
260
660
794
86
783
922
-797
-735
-1005
-445
127
-74
-207
60
87
181
165
181
-817
340
-482
-858
-34
120
652
-32
423
-742
472
-588
-723
563
-222
-560
443
645
491
-399
-149
143
993
422
782
970
315
22
-526
-840
-547
147
517
791
959
276
-957
205
860
-40
151
473
605
657
243
-771
827
838
-612
166
-32
-162
-608
692
-651
78
21
632
424
-143
-1015
40
345
658
165
-435
230
418
-632
526
558
-291
-81
676
-54
550
46
505
927
-805
936
914
-223
308
-502
845
114
-880
847
-440
515
395
193
-658
-145
628
412
-226
-114
-2
1015
682
-284
223
-225
-394
353
518
697
876
33
-777
996
-824
-962
393
-69
702
-680
-557
-905
-136
183
342
664
813
216
727
-476
-410
-269
-567
606
165
853
-102
365
-606
-40
350
-362
756
694
581
-712
-830
-471
-698
51
-768
-338
665
-13
173
797
-431
38
-271
861
867
-36
424
-94
196
-307
-777
-941
912
960
685
624
-401
-97
770
-177
512
577
775
-81
477
703
725
-372
613
-435
-458
898
-101
794
746
-281
708
299
455
460
132
-645
541
-498
967
-911
-819
35
838
-166
-813
428
-247
-321
-506
230
355
-712
488
1021
561
-363
836
78
-439
810
725
-380
-274
828
-517
-463
610
60
429
-609
-535
837
1019
374
-368
-366
-990
-980
312
844
-559
895
-646
46
241
362
392
728
-53
-662
974
-698
468
1008
-654
828
203
-755
796
-246
-973
949
443
746
19
893
334
-994
861
-848
398
251
-872
-131
10
573
901
320
-879
676
404
-117
-980
-280
490
905
-980
-146
-301
-702
-472
-215
873
-947
495
-322
147
191
6
52
73
50
493
951
-230
337
-53
-283
-327
692
527
-465
-1007
-742
164
248
868
-669
-104
281
782
356
1005
376
-310
555
760
-737
-547
977
1004
867
656
711
-417
-474
-25
32
41
752
-643
490
965
-401
946
-886
506
764
349
-324
36
652
643
-406
-964
-251
1008
220
12
414
240
636
336
378
-182
794
649
204
277
455
-352
515
937
-636
-992
-648
756
252
963
757
369
955
676
889
302
-902
847
-54
-1013
-528
-636
-615
-247
-583
129
7
303
873
-812
304
511
72
-134
568
885
-386
667
767
-350
-960
617
-873
831
943
-676
105
-125
984
-652
-173
998
-791
951
-152
-137
538
-638
408
-479
559
-268
-604
157
-158
-256
643
-394
1015
49
-799
73
133
-172
688
-353
214
897
274
117
819
-877
572
-240
566
-621
788
220
-629
824
83
693
-650
935
648
28
443
327
-124
-361
-130
423
-588
826
-823
-827
-926
-631
844
178
562
836
765
-87
-197
925
621
-874
-481
927
493
287
-46
-441
680
-508
492
381
442
-130
-177
143
650
853
-768
82
1023
-343
-383
-260
-332
-599
980
-910
685
686
951
118
-251
-100
-130
-721
-101
551
-80
-733
469
740
-65
-746
696
-76
-881
-996
-263
979
511
532
342
-910
127
763
-993
191
916
588
524
-293
-127
655
-710
683
672
52
638
153
-461
891
720
-928
-910
452
-552
-381
-936
-61
752
-573
425
749
840
16
-128
362
-984
-543
-340
602
-70
-655
477
-533
843
-828
508
378
-44
849
-953
27
-815
625
-353
-699
